9.97 1.94 10.34 6.31 526 7512 9233
9.98 1.87 9.75 3.68 529 1389 1358
9.37 6.31 8.13 5.08 539 5420 7693
9.07 3.76 10.64 2.79 540 9781 7585
10.14 2.24 9.25 2.58 540 8555 8459
5.30 5.28 5.64 4.34 529 4335 3990
3.09 6.02 8.08 4.41 534 4519 4521
7.92 8.95 10.70 5.24 531 1568 1006
8.75 2.15 5.79 7.72 522 8989 9010
9.77 1.97 6.70 2.65 539 5950 6039
8.17 1.81 7.03 2.06 526 3289 2087
9.28 6.67 9.29 6.49 523 9520 9196
1.46 2.50 10.20 8.71 525 7649 222
6.28 8.52 1.29 8.37 535 4872 1797
2.35 2.21 7.63 7.10 540 1024 1103
8.39 2.39 4.26 8.13 524 9225 741
3.30 5.76 6.17 3.66 534 1509 747
1.42 3.67 3.29 7.70 520 4508 4441
10.54 1.94 10.40 6.39 532 6821 6575
4.59 3.85 7.22 5.46 535 9512 6073
3.61 3.35 3.92 5.68 525 4101 4028
6.71 6.58 5.93 3.08 526 7998 8076
4.17 5.52 5.47 2.91 539 6300 6227
2.96 4.50 2.26 4.39 528 8325 7564
6.67 3.26 2.72 7.37 533 3600 3570
10.71 8.81 1.03 1.49 537 2033 933
2.63 8.05 5.96 4.68 531 783 458
10.39 3.17 6.86 7.46 524 5534 5313
1.49 6.42 10.34 5.97 530 3312 3307
7.80 3.57 6.98 1.69 535 4879 4768
6.67 4.87 8.84 2.35 520 671 2001
4.03 4.60 1.09 7.73 537 7301 7279
10.78 5.70 5.44 6.17 532 6172 6060
7.63 1.06 8.90 4.14 538 2501 2405
9.84 6.06 8.02 3.61 538 8003 7681
1.25 1.83 3.72 5.25 532 5108 5083
4.37 4.35 1.82 5.00 531 9999 9059
1.34 4.90 5.40 2.53 522 4931 6613
3.09 3.71 3.13 6.00 539 10000 9989
9.39 6.54 10.99 7.18 533 133 44
6.30 3.24 7.98 7.53 532 6123 5320
7.28 7.04 4.03 4.16 525 8000 8195
3.38 2.52 6.23 3.94 538 1998 2131
5.00 2.87 2.03 5.00 533 6721 6611
6.44 7.40 1.46 5.22 527 3602 3693
3.75 6.62 9.55 1.55 531 9703 9663
10.74 3.11 2.30 2.89 524 4307 3372
9.35 7.28 8.25 3.29 526 6304 6186
9.44 4.45 5.91 6.95 521 1564 1547
9.83 6.61 6.29 7.10 534 5037 4930
10.20 3.20 1.33 5.00 534 6201 6298
2.44 4.48 5.13 8.92 539 6169 6257
7.31 8.13 8.89 6.40 530 3411 6656
6.58 3.25 1.39 8.64 536 8435 6264
1.54 2.43 5.43 6.71 534 4744 8871
6.72 6.54 3.34 2.86 524 2445 2210
5.88 8.95 3.74 5.14 533 7907 7598
3.02 8.71 6.68 7.22 526 5339 4959
10.74 7.55 8.18 2.13 531 9737 9279
4.27 2.60 9.00 6.70 526 6736 6572
1.05 8.64 5.15 1.45 524 7454 8290
3.69 3.35 9.48 4.40 526 6972 6610
6.66 1.24 9.04 6.15 533 200 281
8.26 1.94 1.56 8.74 535 2656 1946
3.49 4.93 8.19 1.11 538 8761 8831
9.74 4.47 8.63 3.97 540 6445 6339
2.15 8.68 5.84 1.60 521 5616 5646
3.72 8.22 5.62 2.23 527 1973 1856
2.23 7.89 10.01 7.32 532 8267 8235
2.82 4.63 5.38 5.84 520 4722 4485
2.88 8.89 5.43 7.99 523 9931 9832
2.12 7.15 7.64 5.06 536 9836 9014
1.32 8.85 8.32 1.61 532 6250 6189
7.22 8.78 2.08 7.52 521 3859 3442
10.34 8.18 8.98 5.51 533 7899 8096
1.31 4.97 8.45 2.06 536 7219 7024
7.46 8.56 10.48 8.54 539 5822 5796
8.99 3.78 4.84 2.45 532 4000 4250
4.99 2.34 5.77 4.44 538 1467 363
6.63 4.48 7.83 8.61 526 9851 9834
7.31 5.13 10.87 1.35 538 8642 3293
5.18 4.12 4.48 3.02 531 6653 6701
5.38 5.48 4.19 7.14 528 1754 3737
1.42 3.43 3.74 4.28 540 4901 4804
5.90 3.02 3.68 7.88 526 1520 1432
5.14 7.82 8.43 8.20 532 1200 1349
4.82 7.59 10.37 3.16 522 5273 7445
4.14 2.57 5.92 6.72 525 9999 9941
2.29 1.99 5.44 5.63 534 1449 6398
5.69 7.96 9.54 6.97 524 5846 5946
1.84 6.11 10.77 8.30 533 9573 9880
3.93 3.73 4.92 6.01 525 6047 9877
9.37 8.80 4.89 6.52 526 876 875
9.67 3.22 5.89 3.00 536 8884 3013
10.49 5.36 1.50 6.53 539 2738 3884
2.20 2.54 9.77 6.11 525 425 427
2.69 5.20 8.95 7.82 533 4833 3153
8.97 8.31 1.98 1.31 520 369 2552
1.46 1.37 7.33 7.15 527 6899 4555
3.62 5.89 5.88 4.27 520 4012 3960